Time,Mean,Mean+SD,Mean-SD,SD,Real
1,0.000000,0.000000,0.000000,0.000000,0.000000
2,0.000000,0.000000,0.000000,0.000000,0.000000
3,0.000000,0.000000,0.000000,0.000000,0.000000
4,0.000000,0.000000,0.000000,0.000000,0.000000
5,0.000000,0.000000,0.000000,0.000000,0.000000
6,0.000000,0.000000,0.000000,0.000000,0.000000
7,0.000000,0.000000,0.000000,0.000000,0.000000
8,0.000000,0.000000,0.000000,0.000000,0.000000
9,0.000000,0.000000,0.000000,0.000000,0.000000
10,0.000000,0.000000,0.000000,0.000000,0.000000
11,0.000000,0.000000,0.000000,0.000000,0.000000
12,0.000000,0.000000,0.000000,0.000000,0.000000
13,0.000000,0.000000,0.000000,0.000000,0.000000
14,0.000000,0.000000,0.000000,0.000000,0.000000
15,0.000000,0.000000,0.000000,0.000000,0.000000
16,0.000000,0.000000,0.000000,0.000000,0.000000
17,0.000000,0.000000,0.000000,0.000000,0.000000
18,0.000000,0.000000,0.000000,0.000000,0.000000
19,0.000000,0.000000,0.000000,0.000000,0.000000
20,0.000000,0.000000,0.000000,0.000000,0.000000
21,0.000000,0.000000,0.000000,0.000000,0.000000
22,0.000000,0.000000,0.000000,0.000000,0.000000
23,0.000000,0.000000,0.000000,0.000000,0.000000
24,0.000000,0.000000,0.000000,0.000000,0.000000
25,0.000000,0.000000,0.000000,0.000000,0.000000
26,0.000000,0.000000,0.000000,0.000000,0.000000
27,0.000000,0.000000,0.000000,0.000000,0.000000
28,0.000000,0.000000,0.000000,0.000000,0.000000
29,0.000000,0.000000,0.000000,0.000000,0.000000
30,0.000000,0.000000,0.000000,0.000000,0.000000
31,0.000000,0.000000,0.000000,0.000000,0.000000
32,0.000000,0.000000,0.000000,0.000000,0.000000
33,0.000000,0.000000,0.000000,0.000000,0.000000
34,0.000000,0.000000,0.000000,0.000000,0.000000
35,0.000000,0.000000,0.000000,0.000000,0.000000
36,0.000000,0.000000,0.000000,0.000000,0.000000
37,0.000000,0.000000,0.000000,0.000000,0.000000
38,0.000000,0.000000,0.000000,0.000000,0.000000
39,0.000000,0.000000,0.000000,0.000000,0.000000
40,0.000000,0.000000,0.000000,0.000000,0.000000
41,0.000000,0.000000,0.000000,0.000000,0.000000
42,0.000000,0.000000,0.000000,0.000000,0.000000
43,0.000000,0.000000,0.000000,0.000000,0.000000
44,0.000000,0.000000,0.000000,0.000000,0.000000
45,0.000000,0.000000,0.000000,0.000000,0.000000
46,0.000000,0.000000,0.000000,0.000000,0.000000
47,0.000000,0.000000,0.000000,0.000000,0.000000
48,0.000000,0.000000,0.000000,0.000000,0.000000
49,0.000000,0.000000,0.000000,0.000000,0.000000
50,0.000000,0.000000,0.000000,0.000000,0.000000
51,0.000000,0.000000,0.000000,0.000000,0.000000
52,0.000000,0.000000,0.000000,0.000000,0.000000
53,0.000000,0.000000,0.000000,0.000000,0.000000
54,0.000000,0.000000,0.000000,0.000000,0.000000
55,0.000000,0.000000,0.000000,0.000000,0.000000
56,0.000000,0.000000,0.000000,0.000000,0.000000
57,0.000000,0.000000,0.000000,0.000000,0.000000
58,0.000000,0.000000,0.000000,0.000000,0.000000
59,0.000000,0.000000,0.000000,0.000000,0.000000
60,0.000000,0.000000,0.000000,0.000000,0.000000
61,0.000000,0.000000,0.000000,0.000000,0.000000
62,0.000000,0.000000,0.000000,0.000000,0.000000
63,0.000000,0.000000,0.000000,0.000000,0.000000
64,0.000000,0.000000,0.000000,0.000000,0.000000
65,0.000000,0.000000,0.000000,0.000000,0.000000
66,0.000000,0.000000,0.000000,0.000000,0.000000
67,0.000000,0.000000,0.000000,0.000000,0.000000
68,0.000000,0.000000,0.000000,0.000000,0.000000
69,0.000000,0.000000,0.000000,0.000000,0.000000
70,0.000000,0.000000,0.000000,0.000000,0.000000
71,0.000000,0.000000,0.000000,0.000000,0.000000
72,0.000000,0.000000,0.000000,0.000000,0.000000
73,0.000000,0.000000,0.000000,0.000000,0.000000
74,0.000000,0.000000,0.000000,0.000000,0.000000
75,0.000000,0.000000,0.000000,0.000000,0.000000
76,0.000000,0.000000,0.000000,0.000000,0.000000
77,0.000000,0.000000,0.000000,0.000000,0.000000
78,0.000000,0.000000,0.000000,0.000000,0.000000
79,0.000000,0.000000,0.000000,0.000000,0.000000
80,0.000000,0.000000,0.000000,0.000000,0.000000
81,0.000000,0.000000,0.000000,0.000000,0.000000
82,0.000000,0.000000,0.000000,0.000000,0.000000
83,0.000000,0.000000,0.000000,0.000000,0.000000
84,0.000000,0.000000,0.000000,0.000000,0.000000
85,0.000000,0.000000,0.000000,0.000000,0.000000
86,0.000000,0.000000,0.000000,0.000000,0.000000
87,0.000000,0.000000,0.000000,0.000000,0.000000
88,0.000000,0.000000,0.000000,0.000000,0.000000
89,0.000000,0.000000,0.000000,0.000000,0.000000
90,0.000000,0.000000,0.000000,0.000000,0.000000
91,0.000000,0.000000,0.000000,0.000000,0.000000
92,0.202899,0.202899,0.202899,0.000000,0.202899
93,0.922215,0.923931,0.920500,0.000003,0.927536
94,2.157589,2.165515,2.149664,0.000063,2.173913
95,3.705823,3.725216,3.686430,0.000376,3.739130
96,5.456046,5.491277,5.420815,0.001241,5.536232
97,7.084251,7.138883,7.029619,0.002985,7.884058
98,8.437155,8.512307,8.362003,0.005648,9.362319
99,9.822177,9.916980,9.727375,0.008988,10.608696
100,10.944032,11.058492,10.829571,0.013101,12.086957
101,11.789244,11.921933,11.656554,0.017607,13.391304
102,12.375603,12.524233,12.226973,0.022091,13.710145
103,12.688907,12.850771,12.527043,0.026200,13.855072
104,12.775324,12.947366,12.603281,0.029599,14.521739
105,12.673216,12.852388,12.494044,0.032103,14.753623
106,12.385474,12.568902,12.202046,0.033646,14.231884
107,12.001457,12.186379,11.816535,0.034196,13.565217
108,11.508457,11.692595,11.324319,0.033907,13.391304
109,10.953887,11.135211,10.772562,0.032879,13.188406
110,10.377143,10.553999,10.200286,0.031278,12.289855
111,9.752988,9.924143,9.581833,0.029294,12.202899
112,9.118425,9.282820,8.954030,0.027026,11.971014
113,8.504198,8.661054,8.347342,0.024604,10.898551
114,7.877885,8.026740,7.729030,0.022158,10.057971
115,7.299498,7.439981,7.159015,0.019735,9.246377
116,6.702965,6.835008,6.570921,0.017435,8.347826
117,6.149323,6.272816,6.025831,0.015250,7.710145
118,5.631322,5.746356,5.516287,0.013233,7.043478
119,5.171920,5.278708,5.065131,0.011404,6.463768
120,4.761209,4.860133,4.662284,0.009786,6.000000
121,4.390956,4.482484,4.299428,0.008377,5.594203
122,4.054321,4.138953,3.969689,0.007163,5.072464
123,3.658663,3.736897,3.580429,0.006121,4.579710
124,3.329903,3.401896,3.257911,0.005183,4.115942
125,2.969775,3.035891,2.903659,0.004371,3.681159
126,2.699523,2.759928,2.639118,0.003649,3.333333
127,2.445980,2.501119,2.390842,0.003040,3.014493
128,2.264293,2.314561,2.214025,0.002527,2.753623
129,2.084340,2.130288,2.038392,0.002111,2.492754
130,1.934814,1.976865,1.892763,0.001768,2.289855
131,1.723614,1.762196,1.685032,0.001489,2.086957
132,1.432181,1.467398,1.396965,0.001240,1.739130
133,1.392924,1.424593,1.361254,0.001003,1.681159
134,1.186391,1.215221,1.157560,0.000831,1.623188
135,0.985793,1.011765,0.959821,0.000675,1.420290
136,1.022012,1.045147,0.998877,0.000535,1.391304
137,0.849208,0.870284,0.828131,0.000444,1.188406
138,0.908520,0.927449,0.889592,0.000358,1.391304
139,0.754906,0.772410,0.737402,0.000306,0.956522
140,0.830163,0.846047,0.814280,0.000252,1.159420
141,0.689798,0.704746,0.674849,0.000223,0.840580
142,0.776064,0.789786,0.762341,0.000188,1.043478
143,0.644845,0.658001,0.631690,0.000173,0.811594
144,0.535813,0.548029,0.523598,0.000149,0.811594
145,0.648115,0.659231,0.637000,0.000124,0.811594
146,0.567516,0.578256,0.556777,0.000115,0.840580
147,0.471559,0.481692,0.461427,0.000103,0.637681
148,0.391827,0.401143,0.382512,0.000087,0.637681
149,0.325576,0.333996,0.317156,0.000071,0.434783
150,0.270527,0.278046,0.263009,0.000057,0.434783
151,0.224786,0.231439,0.218133,0.000044,0.434783
152,0.389677,0.395523,0.383831,0.000034,0.434783
153,0.323790,0.329659,0.317920,0.000034,0.434783
154,0.269043,0.274636,0.263450,0.000031,0.434783
155,0.223552,0.228727,0.218378,0.000027,0.231884
156,0.185754,0.190450,0.181057,0.000022,0.202899
157,0.154346,0.158553,0.150139,0.000018,0.202899
158,0.128249,0.131980,0.124518,0.000014,0.202899
159,0.106564,0.109849,0.103280,0.000011,0.202899
160,0.088546,0.091420,0.085672,0.000008,0.202899
161,0.073575,0.076078,0.071072,0.000006,0.202899
162,0.061134,0.063305,0.058964,0.000005,0.000000
163,0.050798,0.052674,0.048921,0.000004,0.000000
164,0.042209,0.043826,0.040591,0.000003,0.000000
165,0.035072,0.036462,0.033681,0.000002,0.000000
166,0.029142,0.030335,0.027949,0.000001,0.000000
167,0.024215,0.025236,0.023193,0.000001,0.000000
168,0.020120,0.020993,0.019247,0.000001,0.000000
169,0.016718,0.017463,0.015973,0.000001,0.000000
170,0.013892,0.014527,0.013256,0.000000,0.000000
171,0.011543,0.012083,0.011002,0.000000,0.000000
172,0.009591,0.010051,0.009131,0.000000,0.000000
173,0.007969,0.008360,0.007579,0.000000,0.000000
174,0.006622,0.006953,0.006290,0.000000,0.000000
175,0.005502,0.005783,0.005221,0.000000,0.000000
176,0.004572,0.004810,0.004334,0.000000,0.000000
177,0.003799,0.004001,0.003597,0.000000,0.000000
178,0.003157,0.003327,0.002986,0.000000,0.000000
179,0.002623,0.002767,0.002479,0.000000,0.000000
180,0.002179,0.002301,0.002057,0.000000,0.000000
181,0.001811,0.001914,0.001708,0.000000,0.000000
182,0.001505,0.001592,0.001418,0.000000,0.000000
183,0.001250,0.001324,0.001177,0.000000,0.000000
184,0.001039,0.001101,0.000977,0.000000,0.000000
185,0.000863,0.000915,0.000811,0.000000,0.000000
186,0.000717,0.000761,0.000673,0.000000,0.000000
187,0.000596,0.000633,0.000559,0.000000,0.000000
188,0.000495,0.000526,0.000464,0.000000,0.000000
189,0.000411,0.000438,0.000385,0.000000,0.000000
190,0.000342,0.000364,0.000320,0.000000,0.000000
191,0.000284,0.000303,0.000266,0.000000,0.000000
192,0.000236,0.000252,0.000220,0.000000,0.000000
193,0.000196,0.000209,0.000183,0.000000,0.000000
194,0.000163,0.000174,0.000152,0.000000,0.000000
195,0.000135,0.000145,0.000126,0.000000,0.000000
196,0.000113,0.000120,0.000105,0.000000,0.000000
197,0.000094,0.000100,0.000087,0.000000,0.000000
198,0.000078,0.000083,0.000072,0.000000,0.000000
199,0.000065,0.000069,0.000060,0.000000,0.000000
200,0.000054,0.000058,0.000050,0.000000,0.000000
201,0.000045,0.000048,0.000041,0.000000,0.000000
202,0.000037,0.000040,0.000034,0.000000,0.000000
203,0.000031,0.000033,0.000028,0.000000,0.000000
204,0.000026,0.000027,0.000024,0.000000,0.000000
205,0.000021,0.000023,0.000020,0.000000,0.000000
206,0.000018,0.000019,0.000016,0.000000,0.000000
207,0.000015,0.000016,0.000014,0.000000,0.000000
208,0.000012,0.000013,0.000011,0.000000,0.000000
209,0.000010,0.000011,0.000009,0.000000,0.000000
210,0.000008,0.000009,0.000008,0.000000,0.000000
211,0.000007,0.000008,0.000006,0.000000,0.000000
212,0.202904,0.202905,0.202904,0.000000,0.202899
213,0.806278,0.807993,0.804563,0.000003,0.840580
214,1.365603,1.372567,1.358639,0.000048,1.536232
215,3.250646,3.263560,3.237732,0.000167,3.391304
216,5.541600,5.571102,5.512097,0.000870,5.681159
217,8.227803,8.280678,8.174927,0.002796,8.579710
218,11.126483,11.208757,11.044210,0.006769,11.884058
219,14.201716,14.318000,14.085431,0.013522,15.710145
220,17.481619,17.635736,17.327502,0.023752,18.753623
221,20.873616,21.069174,20.678057,0.038243,21.942029
222,24.271797,24.511687,24.031906,0.057547,25.246377
223,27.530188,27.816269,27.244108,0.081842,29.304348
224,30.614456,30.947143,30.281769,0.110681,33.072464
225,33.612012,33.990709,33.233315,0.143411,36.550725
226,36.392590,36.816584,35.968595,0.179772,38.840580
227,38.703021,39.170772,38.235271,0.218790,40.753623
228,40.361931,40.869999,39.853862,0.258133,42.492754
229,41.508464,42.051303,40.965625,0.294674,44.057971
230,42.113313,42.684815,41.541812,0.326614,44.318841
231,42.181110,42.774645,41.587576,0.352283,44.956522
232,41.715705,42.324324,41.107087,0.370416,44.144928
233,40.807253,41.423813,40.190693,0.380146,43.797101
234,39.559650,40.177312,38.941987,0.381507,42.086957
235,38.001255,38.613856,37.388654,0.375280,40.202899
236,36.242588,36.844537,35.640640,0.362342,38.956522
237,34.346499,34.933078,33.759919,0.344076,36.724638
238,32.365207,32.932566,31.797847,0.321897,34.347826
239,30.313119,30.858220,29.768017,0.297136,32.086957
240,28.231190,28.751619,27.710762,0.270846,29.971014
241,26.182438,26.676383,25.688494,0.243981,27.681159
242,24.190239,24.656568,23.723909,0.217463,25.507246
243,22.245029,22.683185,21.806873,0.191981,23.478261
244,20.396836,20.806627,19.987044,0.167929,21.478261
245,18.600269,18.981962,18.218577,0.145689,19.536232
246,16.933557,17.287569,16.579545,0.125325,17.826087
247,15.345758,15.672913,15.018603,0.107030,16.289855
248,13.852514,14.153736,13.551291,0.090735,14.724638
249,12.466823,12.743169,12.190477,0.076367,13.217391
250,11.199486,11.452151,10.946821,0.063840,11.913043
251,10.030491,10.260807,9.800174,0.053046,10.753623
252,8.972195,9.181524,8.762866,0.043819,9.768116
253,7.976896,8.166660,7.787133,0.036010,8.666667
254,7.091914,7.263415,6.920413,0.029413,7.710145
255,6.298595,6.453204,6.143986,0.023904,6.927536
256,5.581441,5.720514,5.442369,0.019341,6.289855
257,4.927574,5.052400,4.802749,0.015581,5.565217
258,4.355279,4.467057,4.243501,0.012494,4.927536
259,3.850763,3.950678,3.750848,0.009983,4.376812
260,3.373581,3.462761,3.284401,0.007953,3.884058
261,2.948096,3.027500,2.868693,0.006305,3.391304
262,2.565568,2.636100,2.495036,0.004975,2.956522
263,2.276704,2.339198,2.214210,0.003905,2.608696
264,1.978710,2.034093,1.923328,0.003067,2.289855
265,1.731102,1.780069,1.682136,0.002398,2.115942
266,1.525360,1.568602,1.482119,0.001870,1.884058
267,1.354406,1.392581,1.316230,0.001457,1.710145
268,1.183371,1.217097,1.149645,0.001137,1.565217
269,1.012270,1.042027,0.982513,0.000885,1.333333
270,0.841113,0.867279,0.814947,0.000685,1.217391
271,0.698896,0.721772,0.676020,0.000523,1.014493
272,0.783624,0.803530,0.763717,0.000396,1.130435
273,0.651127,0.668945,0.633308,0.000318,0.956522
274,0.541033,0.556830,0.525236,0.000250,0.811594
275,0.478539,0.492440,0.464639,0.000193,0.724638
276,0.397627,0.409866,0.385388,0.000150,0.666667
277,0.330395,0.341106,0.319684,0.000115,0.579710
278,0.274531,0.283860,0.265203,0.000087,0.492754
279,0.228113,0.236205,0.220021,0.000065,0.492754
280,0.189543,0.196538,0.182548,0.000049,0.405797
281,0.360393,0.366423,0.354364,0.000036,0.608696
282,0.299457,0.305321,0.293593,0.000034,0.463768
283,0.248824,0.254315,0.243333,0.000030,0.434783
284,0.206753,0.211777,0.201728,0.000025,0.434783
285,0.171794,0.176321,0.167268,0.000020,0.434783
286,0.142747,0.146779,0.138715,0.000016,0.231884
287,0.118611,0.122172,0.115050,0.000013,0.202899
288,0.098556,0.101680,0.095432,0.000010,0.202899
289,0.081892,0.084619,0.079165,0.000007,0.202899
290,0.068046,0.070415,0.065676,0.000006,0.202899
291,0.056540,0.058591,0.054489,0.000004,0.202899
292,0.046980,0.048750,0.045210,0.000003,0.202899
293,0.039037,0.040560,0.037513,0.000002,-0.000000
294,0.032436,0.033745,0.031128,0.000002,-0.000000
295,0.026952,0.028073,0.025831,0.000001,-0.000000
296,0.022395,0.023354,0.021436,0.000001,-0.000000
297,0.018608,0.019427,0.017789,0.000001,-0.000000
298,0.015462,0.016161,0.014763,0.000000,-0.000000
299,0.012848,0.013443,0.012253,0.000000,-0.000000
300,0.010675,0.011182,0.010169,0.000000,-0.000000
301,0.008870,0.009301,0.008440,0.000000,-0.000000
302,0.007370,0.007736,0.007005,0.000000,-0.000000
303,0.006124,0.006434,0.005814,0.000000,-0.000000
304,0.005089,0.005351,0.004826,0.000000,-0.000000
305,0.004228,0.004451,0.004006,0.000000,-0.000000
306,0.003513,0.003702,0.003325,0.000000,-0.000000
307,0.002919,0.003079,0.002760,0.000000,-0.000000
308,0.002426,0.002560,0.002291,0.000000,-0.000000
309,0.002016,0.002129,0.001902,0.000000,-0.000000
310,0.001675,0.001771,0.001579,0.000000,-0.000000
311,0.001392,0.001473,0.001311,0.000000,-0.000000
312,0.001156,0.001225,0.001088,0.000000,-0.000000
313,0.000961,0.001018,0.000903,0.000000,-0.000000
314,0.000798,0.000847,0.000750,0.000000,-0.000000
315,0.000663,0.000704,0.000622,0.000000,-0.000000
316,0.000551,0.000586,0.000517,0.000000,-0.000000
317,0.000458,0.000487,0.000429,0.000000,-0.000000
318,0.000381,0.000405,0.000356,0.000000,-0.000000
319,0.000316,0.000337,0.000296,0.000000,-0.000000
320,0.000263,0.000280,0.000245,0.000000,-0.000000
321,0.000218,0.000233,0.000204,0.000000,-0.000000
322,0.000181,0.000194,0.000169,0.000000,-0.000000
323,0.000151,0.000161,0.000140,0.000000,-0.000000
324,0.000125,0.000134,0.000117,0.000000,-0.000000
325,0.000104,0.000111,0.000097,0.000000,-0.000000
326,0.000086,0.000093,0.000080,0.000000,-0.000000
327,0.000072,0.000077,0.000067,0.000000,-0.000000
328,0.000060,0.000064,0.000055,0.000000,-0.000000
329,0.000050,0.000053,0.000046,0.000000,-0.000000
330,0.000041,0.000044,0.000038,0.000000,-0.000000
331,0.000034,0.000037,0.000032,0.000000,-0.000000
332,0.318869,0.318871,0.318867,0.000000,0.318841
333,1.134519,1.137215,1.131823,0.000007,1.188406
334,2.478924,2.488774,2.469075,0.000097,2.550725
335,4.233695,4.256194,4.211197,0.000506,4.492754
336,6.416404,6.456785,6.376023,0.001631,6.811594
337,9.099621,9.163405,9.035836,0.004068,9.449275
338,12.140748,12.234168,12.047327,0.008727,13.159420
339,15.247384,15.376074,15.118695,0.016561,16.405797
340,18.524397,18.691882,18.356912,0.028051,19.536232
341,21.885006,22.094518,21.675494,0.043895,22.898551
342,25.199135,25.453185,24.945086,0.064541,26.144928
343,28.532615,28.832531,28.232699,0.089950,30.144928
344,31.737245,32.084082,31.390408,0.120296,34.000000
345,34.573943,34.967712,34.180174,0.155054,37.333333
346,36.902020,37.340767,36.463273,0.192499,39.391304
347,38.662548,39.142389,38.182707,0.230247,40.956522
348,39.806562,40.322140,39.290984,0.265820,41.826087
349,40.322361,40.867154,39.777567,0.296800,42.811594
350,40.258193,40.824890,39.691497,0.321145,42.550725
351,39.712122,40.293143,39.131101,0.337585,42.521739
352,38.736642,39.324704,38.148581,0.345816,41.681159
353,37.404360,37.992603,36.816117,0.346030,39.855072
354,35.804589,36.386764,35.222414,0.338928,38.144928
355,34.011542,34.582203,33.440882,0.325653,36.753623
356,32.086886,32.641448,31.532323,0.307540,34.608696
357,30.110842,30.645576,29.576108,0.285940,32.231884
358,28.092101,28.604196,27.580005,0.262241,29.884058
359,26.095852,26.583171,25.608533,0.237480,27.594203
360,24.176263,24.637404,23.715123,0.212651,25.507246
361,22.320373,22.754665,21.886082,0.188609,23.536232
362,20.517412,20.924648,20.110176,0.165841,21.536232
363,18.816400,19.196663,18.436137,0.144600,19.710145
364,17.200101,17.553867,16.846334,0.125151,17.971014
365,15.654190,15.982154,15.326226,0.107561,16.347826
366,14.224737,14.527697,13.921778,0.091785,14.840580
367,12.863067,13.142063,12.584071,0.077839,13.391304
368,11.586703,11.842775,11.330631,0.065573,12.028986
369,10.410207,10.644457,10.175957,0.054873,10.811594
370,9.316694,9.530318,9.103070,0.045635,9.739130
371,8.321118,8.515321,8.126915,0.037715,8.782609
372,7.406919,7.582961,7.230877,0.030991,7.855072
373,6.618310,6.777432,6.459187,0.025320,7.246377
374,5.905069,6.048645,5.761493,0.020614,6.434783
375,5.254453,5.383783,5.125124,0.016726,5.710145
376,4.655874,4.772161,4.539588,0.013523,5.159420
377,4.100533,4.204872,3.996194,0.010887,4.579710
378,3.639090,3.732466,3.545715,0.008719,4.347826
379,3.197698,3.281166,3.114230,0.006967,3.884058
380,2.801952,2.876393,2.727511,0.005541,3.391304
381,2.415149,2.481387,2.348911,0.004387,2.927536
382,2.122732,2.181438,2.064026,0.003446,2.550725
383,1.763816,1.815795,1.711837,0.002702,2.202899
384,1.668485,1.714179,1.622791,0.002088,2.231884
385,1.386374,1.426879,1.345869,0.001641,1.913043
386,1.354861,1.390502,1.319221,0.001270,1.942029
387,1.212735,1.244489,1.180981,0.001008,1.768116
388,1.007683,1.035991,0.979375,0.000801,1.478261
389,0.837302,0.862320,0.812284,0.000626,1.246377
390,0.898628,0.920589,0.876667,0.000482,1.246377
391,0.746686,0.766453,0.726919,0.000391,1.043478
392,0.620435,0.638031,0.602838,0.000310,0.898551
393,0.544516,0.560050,0.528981,0.000241,0.840580
394,0.452448,0.466153,0.438743,0.000188,0.724638
395,0.375947,0.387960,0.363934,0.000144,0.724638
396,0.312381,0.322858,0.301905,0.000110,0.521739
397,0.259563,0.268660,0.250466,0.000083,0.521739
398,0.215676,0.223547,0.207804,0.000062,0.521739
399,0.382107,0.388898,0.375317,0.000046,0.521739
400,0.317500,0.324001,0.310998,0.000042,0.434783
401,0.263816,0.269849,0.257783,0.000036,0.434783
402,0.219210,0.224696,0.213723,0.000030,0.434783
403,0.182145,0.187067,0.177224,0.000024,0.231884
404,0.151348,0.155718,0.146978,0.000019,0.202899
405,0.125757,0.129608,0.121907,0.000015,0.202899
406,0.104494,0.107865,0.101123,0.000011,0.202899
407,0.086826,0.089763,0.083889,0.000009,0.202899
408,0.072145,0.074694,0.069596,0.000006,0.202899
409,0.059947,0.062151,0.057743,0.000005,0.202899
410,0.049811,0.051711,0.047911,0.000004,-0.000000
411,0.041389,0.043023,0.039755,0.000003,-0.000000
412,0.034391,0.035793,0.032988,0.000002,-0.000000
413,0.028576,0.029777,0.027375,0.000001,-0.000000
414,0.023744,0.024771,0.022717,0.000001,-0.000000
415,0.019729,0.020606,0.018853,0.000001,-0.000000
416,0.016394,0.017141,0.015646,0.000001,-0.000000
417,0.013622,0.014258,0.012985,0.000000,-0.000000
418,0.011319,0.011860,0.010777,0.000000,-0.000000
419,0.009405,0.009864,0.008945,0.000000,-0.000000
420,0.007815,0.008205,0.007424,0.000000,-0.000000
421,0.006493,0.006824,0.006162,0.000000,-0.000000
422,0.005395,0.005676,0.005115,0.000000,-0.000000
423,0.004483,0.004721,0.004246,0.000000,-0.000000
424,0.003725,0.003926,0.003524,0.000000,-0.000000
425,0.003095,0.003265,0.002925,0.000000,-0.000000
426,0.002572,0.002715,0.002428,0.000000,-0.000000
427,0.002137,0.002258,0.002016,0.000000,-0.000000
428,0.001776,0.001878,0.001673,0.000000,-0.000000
429,0.001475,0.001562,0.001389,0.000000,-0.000000
430,0.001226,0.001299,0.001153,0.000000,-0.000000
431,0.001019,0.001080,0.000957,0.000000,-0.000000
432,0.000846,0.000898,0.000795,0.000000,-0.000000
433,0.000703,0.000747,0.000660,0.000000,-0.000000
434,0.000584,0.000621,0.000548,0.000000,-0.000000
435,0.000486,0.000517,0.000455,0.000000,-0.000000
436,0.000403,0.000429,0.000377,0.000000,-0.000000
437,0.000335,0.000357,0.000313,0.000000,-0.000000
438,0.000279,0.000297,0.000260,0.000000,-0.000000
439,0.000231,0.000247,0.000216,0.000000,-0.000000
440,0.000192,0.000205,0.000179,0.000000,-0.000000
441,0.000160,0.000171,0.000149,0.000000,-0.000000
442,0.000133,0.000142,0.000124,0.000000,-0.000000
443,0.000110,0.000118,0.000103,0.000000,-0.000000
444,0.000092,0.000098,0.000085,0.000000,-0.000000
445,0.000076,0.000082,0.000071,0.000000,-0.000000
446,0.000063,0.000068,0.000059,0.000000,-0.000000
447,0.000053,0.000056,0.000049,0.000000,-0.000000
448,0.000044,0.000047,0.000040,0.000000,-0.000000
449,0.000036,0.000039,0.000034,0.000000,-0.000000
450,0.000030,0.000032,0.000028,0.000000,-0.000000
451,0.000025,0.000027,0.000023,0.000000,-0.000000
452,0.318861,0.318863,0.318860,0.000000,0.318841
453,1.018571,1.021267,1.015875,0.000007,1.072464
454,2.150697,2.159594,2.141799,0.000079,2.144928
455,3.323284,3.342912,3.303656,0.000385,3.333333
456,5.341086,5.373573,5.308600,0.001055,5.362319
457,8.235106,8.287714,8.182497,0.002768,8.318841
458,11.335450,11.417657,11.253243,0.006758,11.681159
459,14.636219,14.753905,14.518533,0.013850,15.101449
460,18.103525,18.261240,17.945810,0.024874,19.449275
461,21.593267,21.794760,21.391774,0.040599,22.724638
462,25.043681,25.291388,24.795974,0.061359,26.347826
463,28.403445,28.698732,28.108158,0.087194,30.434783
464,31.658901,32.002220,31.315583,0.117868,34.260870
465,34.682759,35.073939,34.291578,0.153022,37.681159
466,37.514176,37.951937,37.076415,0.191634,40.144928
467,40.185692,40.668296,39.703089,0.232906,42.608696
468,42.521445,43.047030,41.995859,0.276240,45.507246
469,44.375307,44.940965,43.809649,0.319969,47.565217
470,45.712815,46.314212,45.111419,0.361678,49.217391
471,46.534320,47.166055,45.902585,0.399089,49.797101
472,46.811126,47.467127,46.155124,0.430338,49.710145
473,46.606346,47.279964,45.932728,0.453762,49.188406
474,45.943437,46.627958,45.258917,0.468568,48.260870
475,44.870875,45.559648,44.182103,0.474407,47.159420
476,43.428940,44.115582,42.742298,0.471478,45.507246
477,41.738056,42.416551,41.059562,0.460355,43.478261
478,39.811332,40.476450,39.146214,0.442382,41.420290
479,37.804585,38.451687,37.157482,0.418742,39.246377
480,35.760331,36.385860,35.134803,0.391286,36.985507
481,33.655928,34.257243,33.054612,0.361580,34.695652
482,31.501544,32.076546,30.926542,0.330627,32.637681
483,29.334616,29.881628,28.787604,0.299222,30.289855
484,27.157265,27.675063,26.639468,0.268114,28.000000
485,25.029225,25.516918,24.541533,0.237844,25.855072
486,22.942158,23.399328,22.484988,0.209005,23.681159
487,20.976093,21.402632,20.549554,0.181936,21.623188
488,19.081584,19.477909,18.685260,0.157073,19.768116
489,17.246534,17.613252,16.879816,0.134482,17.826087
490,15.576830,15.914644,15.239017,0.114118,16.231884
491,13.986545,14.296609,13.676481,0.096140,14.637681
492,12.549206,12.832695,12.265718,0.080366,13.217391
493,11.238954,11.497310,10.980598,0.066748,12.144928
494,10.034300,10.269070,9.799530,0.055117,10.869565
495,8.888404,9.101135,8.675673,0.045254,9.594203
496,7.849302,8.041381,7.657222,0.036894,8.463768
497,6.898937,7.071792,6.726081,0.029879,7.507246
498,5.993319,6.148345,5.838293,0.024033,6.666667
499,5.298797,5.437224,5.160370,0.019162,6.000000
500,4.663735,4.787177,4.540292,0.015238,5.391304
501,4.078079,4.187971,3.968187,0.012076,4.869565
502,3.591447,3.689055,3.493839,0.009527,4.492754
503,3.245067,3.331672,3.158462,0.007500,4.086957
504,2.870297,2.947315,2.793280,0.005932,3.768116
505,2.645851,2.714295,2.577407,0.004685,3.449275
506,2.401383,2.462498,2.340268,0.003735,3.333333
507,2.169265,2.223957,2.114574,0.002991,3.159420
508,1.802481,1.851489,1.753474,0.002402,2.695652
509,1.758584,1.802065,1.715103,0.001891,2.579710
510,1.461239,1.500309,1.422168,0.001526,2.318841
511,1.417068,1.451804,1.382331,0.001207,2.202899
512,1.177467,1.208719,1.146215,0.000977,1.942029
513,0.978378,1.006190,0.950567,0.000773,1.739130
514,1.131793,1.156339,1.107247,0.000603,1.855072
515,0.940427,0.962956,0.917897,0.000508,1.594203
516,0.810403,0.830742,0.790063,0.000414,1.449275
517,0.673378,0.691615,0.655141,0.000333,1.246377
518,0.559522,0.575710,0.543334,0.000262,1.188406
519,0.464917,0.479176,0.450658,0.000203,1.188406
520,0.386308,0.398792,0.373824,0.000156,0.811594
521,0.320990,0.331866,0.310114,0.000118,0.811594
522,0.585557,0.594993,0.576121,0.000089,0.869565
523,0.486550,0.495822,0.477277,0.000086,0.869565
524,0.404283,0.413017,0.395548,0.000076,0.666667
525,0.335926,0.343948,0.327903,0.000064,0.666667
526,0.279127,0.286373,0.271881,0.000053,0.666667
527,0.231931,0.238399,0.225464,0.000042,0.347826
528,0.192716,0.198436,0.186996,0.000033,0.318841
529,0.160131,0.165156,0.155106,0.000025,0.318841
530,0.133056,0.137445,0.128666,0.000019,0.318841
531,0.110558,0.114375,0.106741,0.000015,0.318841
532,0.091865,0.095172,0.088558,0.000011,0.318841
533,0.076332,0.079188,0.073477,0.000008,0.318841
534,0.063426,0.065885,0.060967,0.000006,-0.000000
535,0.052702,0.054814,0.050589,0.000004,-0.000000
536,0.043791,0.045602,0.041980,0.000003,-0.000000
537,0.036387,0.037936,0.034837,0.000002,-0.000000
538,0.030234,0.031558,0.028910,0.000002,-0.000000
539,0.025122,0.026252,0.023993,0.000001,-0.000000
540,0.020874,0.021837,0.019912,0.000001,-0.000000
541,0.017345,0.018164,0.016526,0.000001,-0.000000
542,0.014412,0.015108,0.013716,0.000000,-0.000000
543,0.011975,0.012566,0.011384,0.000000,-0.000000
544,0.009951,0.010452,0.009449,0.000000,-0.000000
545,0.008268,0.008693,0.007843,0.000000,-0.000000
546,0.006870,0.007230,0.006510,0.000000,-0.000000
547,0.005708,0.006013,0.005404,0.000000,-0.000000
548,0.004743,0.005001,0.004485,0.000000,-0.000000
549,0.003941,0.004159,0.003723,0.000000,-0.000000
550,0.003275,0.003459,0.003091,0.000000,-0.000000
551,0.002721,0.002877,0.002566,0.000000,-0.000000
552,0.002261,0.002392,0.002130,0.000000,-0.000000
553,0.001879,0.001989,0.001768,0.000000,-0.000000
554,0.001561,0.001654,0.001468,0.000000,-0.000000
555,0.001297,0.001376,0.001218,0.000000,-0.000000
556,0.001078,0.001144,0.001011,0.000000,-0.000000
557,0.000896,0.000951,0.000840,0.000000,-0.000000
558,0.000744,0.000791,0.000697,0.000000,-0.000000
559,0.000618,0.000658,0.000579,0.000000,-0.000000
560,0.000514,0.000547,0.000480,0.000000,-0.000000
561,0.000427,0.000455,0.000399,0.000000,-0.000000
562,0.000355,0.000378,0.000331,0.000000,-0.000000
563,0.000295,0.000315,0.000275,0.000000,-0.000000
564,0.000245,0.000262,0.000228,0.000000,-0.000000
565,0.000204,0.000217,0.000190,0.000000,-0.000000
566,0.000169,0.000181,0.000157,0.000000,-0.000000
567,0.000141,0.000150,0.000131,0.000000,-0.000000
568,0.000117,0.000125,0.000108,0.000000,-0.000000
569,0.000097,0.000104,0.000090,0.000000,-0.000000
570,0.000081,0.000086,0.000075,0.000000,-0.000000
571,0.000067,0.000072,0.000062,0.000000,-0.000000
572,0.260925,0.260929,0.260921,0.000000,0.260870
573,0.999416,1.001622,0.997210,0.000005,1.043478
574,2.192752,2.201397,2.184106,0.000075,2.202899
575,3.793011,3.812892,3.773130,0.000395,4.115942
576,5.876318,5.912390,5.840246,0.001301,6.260870
577,8.216071,8.274093,8.158050,0.003366,8.608696
578,10.913837,10.998390,10.829284,0.007149,11.391304
579,13.880096,13.996069,13.764124,0.013450,14.376812
580,16.924525,17.076368,16.772681,0.023056,17.623188
581,20.091875,20.282644,19.901107,0.036393,20.695652
582,23.303394,23.535732,23.071056,0.053981,24.637681
583,26.464656,26.740494,26.188818,0.076086,27.971014
584,29.381260,29.701564,29.060956,0.102595,31.217391
585,31.804718,32.168779,31.440658,0.132540,33.536232
586,33.673486,34.078227,33.268745,0.163815,35.739130
587,34.936423,35.377054,34.495792,0.194156,36.869565
588,35.580023,36.050447,35.109599,0.221299,37.217391
589,35.680019,36.173259,35.186780,0.243285,37.536232
590,35.270354,35.779251,34.761457,0.258976,36.840580
591,34.437202,34.954631,33.919774,0.267733,36.028986
592,33.281154,33.800411,32.761896,0.269628,35.043478
593,31.827819,32.342932,31.312705,0.265342,33.942029
594,30.214419,30.720007,29.708831,0.255619,32.000000
595,28.468020,28.959702,27.976337,0.241752,30.869565
596,26.640094,27.114279,26.165909,0.224851,28.724638
597,24.802397,25.256249,24.348544,0.205982,26.753623
598,22.985566,23.417071,22.554061,0.186196,24.782609
599,21.215060,21.622895,20.807225,0.166329,22.898551
600,19.512031,19.895459,19.128602,0.147018,21.014493
601,17.894054,18.252838,17.535271,0.128726,19.304348
602,16.375736,16.710056,16.041416,0.111770,17.623188
603,14.911240,15.221631,14.600848,0.096343,16.028986
604,13.549436,13.836517,13.262354,0.082416,14.521739
605,12.272961,12.537591,12.008331,0.070029,13.101449
606,11.067388,11.310535,10.824241,0.059120,11.768116
607,9.949714,10.172372,9.727055,0.049577,10.579710
608,8.905076,9.108320,8.701832,0.041308,9.478261
609,8.008083,8.192990,7.823175,0.034191,8.521739
610,7.146813,7.314717,6.978908,0.028192,7.623188
611,6.344211,6.496254,6.192168,0.023117,6.753623
612,5.648330,5.785585,5.511075,0.018839,6.057971
613,5.041125,5.164771,4.917478,0.015288,5.507246
614,4.420645,4.531878,4.309411,0.012373,4.840580
615,3.876091,3.975791,3.776391,0.009940,4.405797
616,3.423612,3.512704,3.334520,0.007937,3.942029
617,3.047639,3.127128,2.968150,0.006318,3.710145
618,2.590309,2.661208,2.519409,0.005027,3.159420
619,2.152334,2.215187,2.089481,0.003950,2.840580
620,2.049282,2.104589,1.993975,0.003059,2.666667
621,1.702785,1.751900,1.653670,0.002412,2.289855
622,1.675744,1.719021,1.632467,0.001873,2.347826
623,1.421391,1.460043,1.382740,0.001494,2.173913
624,1.181059,1.215352,1.146767,0.001176,1.855072
625,1.184262,1.214456,1.154068,0.000912,1.768116
626,0.984024,1.011038,0.957010,0.000730,1.652174
627,0.817643,0.841583,0.793704,0.000573,1.420290
628,0.882293,0.903353,0.861234,0.000444,1.420290
629,0.733113,0.752136,0.714090,0.000362,1.217391
630,0.609157,0.626136,0.592178,0.000288,1.014493
631,0.506159,0.521179,0.491140,0.000226,0.956522
632,0.420577,0.433771,0.407383,0.000174,0.956522
633,0.349465,0.360990,0.337939,0.000133,0.695652
634,0.551246,0.561269,0.541223,0.000100,0.956522
635,0.458040,0.467584,0.448497,0.000091,0.695652
636,0.380594,0.389419,0.371769,0.000078,0.666667
637,0.316242,0.324251,0.308234,0.000064,0.666667
638,0.262771,0.269943,0.255600,0.000051,0.463768
639,0.218341,0.224701,0.211981,0.000040,0.463768
640,0.181424,0.187022,0.175826,0.000031,0.463768
641,0.150748,0.155646,0.145850,0.000024,0.260870
642,0.125259,0.129524,0.120995,0.000018,0.260870
643,0.104080,0.107779,0.100381,0.000014,0.260870
644,0.086482,0.089679,0.083285,0.000010,0.260870
645,0.071860,0.074615,0.069104,0.000008,0.260870
646,0.059709,0.062078,0.057341,0.000006,0.260870
647,0.049614,0.051646,0.047582,0.000004,-0.000000
648,0.041225,0.042965,0.039485,0.000003,-0.000000
649,0.034254,0.035742,0.032767,0.000002,-0.000000
650,0.028463,0.029732,0.027193,0.000002,-0.000000
651,0.023650,0.024732,0.022568,0.000001,-0.000000
652,0.019651,0.020572,0.018730,0.000001,-0.000000
653,0.016329,0.017112,0.015546,0.000001,-0.000000
654,0.013568,0.014233,0.012903,0.000000,-0.000000
655,0.011274,0.011838,0.010709,0.000000,-0.000000
656,0.009368,0.009846,0.008889,0.000000,-0.000000
657,0.007784,0.008189,0.007378,0.000000,-0.000000
658,0.006468,0.006811,0.006124,0.000000,-0.000000
659,0.005374,0.005665,0.005083,0.000000,-0.000000
660,0.004465,0.004711,0.004220,0.000000,-0.000000
661,0.003710,0.003918,0.003503,0.000000,-0.000000
662,0.003083,0.003258,0.002908,0.000000,-0.000000
663,0.002562,0.002710,0.002414,0.000000,-0.000000
664,0.002129,0.002253,0.002004,0.000000,-0.000000
665,0.001769,0.001874,0.001663,0.000000,-0.000000
666,0.001470,0.001558,0.001381,0.000000,-0.000000
667,0.001221,0.001296,0.001146,0.000000,-0.000000
668,0.001015,0.001078,0.000952,0.000000,-0.000000
669,0.000843,0.000896,0.000790,0.000000,-0.000000
670,0.000701,0.000745,0.000656,0.000000,-0.000000
671,0.000582,0.000620,0.000545,0.000000,-0.000000
672,0.000484,0.000515,0.000452,0.000000,-0.000000
673,0.000402,0.000428,0.000375,0.000000,-0.000000
674,0.000334,0.000356,0.000312,0.000000,-0.000000
675,0.000277,0.000296,0.000259,0.000000,-0.000000
676,0.000231,0.000246,0.000215,0.000000,-0.000000
677,0.000192,0.000205,0.000178,0.000000,-0.000000
678,0.000159,0.000170,0.000148,0.000000,-0.000000
679,0.000132,0.000142,0.000123,0.000000,-0.000000
680,0.000110,0.000118,0.000102,0.000000,-0.000000
681,0.000091,0.000098,0.000085,0.000000,-0.000000
682,0.000076,0.000081,0.000070,0.000000,-0.000000
683,0.000063,0.000068,0.000058,0.000000,-0.000000
684,0.000052,0.000056,0.000048,0.000000,-0.000000
685,0.000044,0.000047,0.000040,0.000000,-0.000000
686,0.000036,0.000039,0.000033,0.000000,-0.000000
687,0.000030,0.000032,0.000028,0.000000,-0.000000
688,0.000025,0.000027,0.000023,0.000000,-0.000000
689,0.000021,0.000022,0.000019,0.000000,-0.000000
690,0.000017,0.000019,0.000016,0.000000,-0.000000
691,0.000014,0.000015,0.000013,0.000000,-0.000000
692,0.318852,0.318853,0.318852,0.000000,0.318841
693,1.047549,1.050245,1.044853,0.000007,1.101449
694,2.203760,2.212895,2.194625,0.000083,2.202899
695,4.005057,4.025175,3.984939,0.000405,4.057971
696,6.197439,6.235200,6.159677,0.001426,6.376812
697,8.830722,8.891793,8.769651,0.003730,8.985507
698,11.830358,11.920629,11.740087,0.008149,12.231884
699,14.960491,15.085510,14.835472,0.015630,15.855072
700,18.257026,18.420699,18.093353,0.026789,19.130435
701,21.546901,21.752621,21.341182,0.042321,23.217391
702,24.831242,25.081050,24.581433,0.062404,26.782609
703,27.966056,28.261283,27.670829,0.087159,29.623188
704,30.976626,31.317333,30.635919,0.116081,33.217391
705,33.681061,34.066722,33.295400,0.148734,36.318841
706,35.870254,36.298949,35.441559,0.183779,38.289855
707,37.457409,37.925234,36.989584,0.218860,39.739130
708,38.457364,38.958763,37.955965,0.251401,41.014493
709,38.853462,39.381947,38.324977,0.279296,41.014493
710,38.718819,39.267222,38.170415,0.300746,40.637681
711,38.085202,38.646282,37.524122,0.314811,40.347826
712,37.036979,37.603587,36.470371,0.321045,39.623188
713,35.644253,36.209692,35.078815,0.319721,38.202899
714,34.023244,34.581431,33.465058,0.311572,36.173913
715,32.212551,32.758329,31.666773,0.297874,34.260870
716,30.302216,30.831218,29.773214,0.279843,32.608696
717,28.338073,28.846854,27.829293,0.258858,31.217391
718,26.358206,26.844144,25.872268,0.236136,29.623188
719,24.394258,24.855459,23.933057,0.212706,27.275362
720,22.472524,22.907730,22.037318,0.189404,25.101449
721,20.643836,21.052342,20.235330,0.166877,22.985507
722,18.892463,19.274153,18.510773,0.145687,20.927536
723,17.234317,17.589432,16.879202,0.126106,19.014493
724,15.653635,15.982732,15.324538,0.108305,17.246377
725,14.166306,14.470110,13.862501,0.092297,15.565217
726,12.785529,13.064947,12.506112,0.078074,14.000000
727,11.493290,11.749402,11.237178,0.065593,12.521739
728,10.303603,10.537554,10.069652,0.054733,11.188406
729,9.228115,9.441142,9.015087,0.045381,9.971014
730,8.247516,8.440962,8.054069,0.037422,8.898551
731,7.345762,7.520979,7.170545,0.030701,7.913043
732,6.538507,6.696797,6.380218,0.025056,7.014493
733,5.809774,5.952450,5.667098,0.020356,6.347826
734,5.117300,5.245630,4.988971,0.016468,5.594203
735,4.541911,4.656990,4.426833,0.013243,5.043478
736,4.005839,4.108886,3.902793,0.010619,4.434783
737,3.531422,3.623504,3.439341,0.008479,4.000000
738,3.108235,3.190369,3.026101,0.006746,3.565217
739,2.727615,2.800750,2.654481,0.005349,3.217391
740,2.382366,2.447366,2.317367,0.004225,2.811594
741,2.095493,2.153138,2.037848,0.003323,2.550725
742,1.828139,1.879211,1.777067,0.002608,2.289855
743,1.577004,1.622170,1.531839,0.002040,2.086957
744,1.368332,1.408160,1.328504,0.001586,1.826087
745,1.136972,1.172031,1.101912,0.001229,1.536232
746,1.118643,1.149321,1.087966,0.000941,1.507246
747,0.929501,0.956690,0.902311,0.000739,1.362319
748,0.772339,0.796260,0.748418,0.000572,1.188406
749,0.786678,0.807600,0.765755,0.000438,1.246377
750,0.653664,0.672279,0.635050,0.000346,1.072464
751,0.543141,0.559567,0.526716,0.000270,0.898551
752,0.509277,0.523677,0.494876,0.000207,0.811594
753,0.423167,0.435885,0.410450,0.000162,0.695652
754,0.351617,0.362774,0.340461,0.000124,0.579710
755,0.292165,0.301901,0.282429,0.000095,0.492754
756,0.242765,0.251224,0.234307,0.000072,0.434783
757,0.201718,0.209040,0.194396,0.000054,0.376812
758,0.428481,0.434800,0.422162,0.000040,0.637681
759,0.356032,0.362411,0.349653,0.000041,0.492754
760,0.295834,0.301929,0.289738,0.000037,0.463768
761,0.245813,0.251462,0.240164,0.000032,0.463768
762,0.204251,0.209384,0.199117,0.000026,0.318841
763,0.169716,0.174318,0.165113,0.000021,0.318841
764,0.141020,0.145104,0.136935,0.000017,0.260870
765,0.117176,0.120773,0.113578,0.000013,0.260870
766,0.097363,0.100513,0.094214,0.000010,0.260870
767,0.080901,0.083644,0.078158,0.000008,0.260870
768,0.067222,0.069602,0.064842,0.000006,0.260870
769,0.055856,0.057914,0.053798,0.000004,0.260870
770,0.046412,0.048186,0.044638,0.000003,-0.000000
771,0.038564,0.040090,0.037039,0.000002,-0.000000
772,0.032044,0.033353,0.030735,0.000002,-0.000000
773,0.026626,0.027747,0.025505,0.000001,-0.000000
774,0.022124,0.023082,0.021166,0.000001,-0.000000
775,0.018383,0.019201,0.017565,0.000001,-0.000000
776,0.015275,0.015972,0.014578,0.000000,-0.000000
777,0.012692,0.013286,0.012099,0.000000,-0.000000
778,0.010546,0.011051,0.010041,0.000000,-0.000000
779,0.008763,0.009192,0.008334,0.000000,-0.000000
780,0.007281,0.007645,0.006917,0.000000,-0.000000
781,0.006050,0.006359,0.005742,0.000000,-0.000000
782,0.005027,0.005289,0.004766,0.000000,-0.000000
783,0.004177,0.004399,0.003956,0.000000,-0.000000
784,0.003471,0.003658,0.003284,0.000000,-0.000000
785,0.002884,0.003042,0.002726,0.000000,-0.000000
786,0.002396,0.002530,0.002263,0.000000,-0.000000
787,0.001991,0.002104,0.001878,0.000000,-0.000000
788,0.001655,0.001750,0.001559,0.000000,-0.000000
789,0.001375,0.001455,0.001294,0.000000,-0.000000
790,0.001142,0.001210,0.001074,0.000000,-0.000000
791,0.000949,0.001006,0.000892,0.000000,-0.000000
792,0.000789,0.000837,0.000740,0.000000,-0.000000
793,0.000655,0.000696,0.000615,0.000000,-0.000000
794,0.000545,0.000579,0.000510,0.000000,-0.000000
795,0.000452,0.000481,0.000424,0.000000,-0.000000
796,0.000376,0.000400,0.000352,0.000000,-0.000000
797,0.000312,0.000333,0.000292,0.000000,-0.000000
798,0.000260,0.000277,0.000242,0.000000,-0.000000
799,0.000216,0.000230,0.000201,0.000000,-0.000000
800,0.000179,0.000191,0.000167,0.000000,-0.000000
801,0.000149,0.000159,0.000139,0.000000,-0.000000
802,0.000124,0.000132,0.000115,0.000000,-0.000000
803,0.000103,0.000110,0.000096,0.000000,-0.000000
804,0.000085,0.000091,0.000079,0.000000,-0.000000
805,0.000071,0.000076,0.000066,0.000000,-0.000000
806,0.000059,0.000063,0.000055,0.000000,-0.000000
807,0.000049,0.000053,0.000045,0.000000,-0.000000
808,0.000041,0.000044,0.000038,0.000000,-0.000000
809,0.000034,0.000036,0.000031,0.000000,-0.000000
810,0.000028,0.000030,0.000026,0.000000,-0.000000
811,0.000023,0.000025,0.000022,0.000000,-0.000000
812,0.289874,0.289876,0.289873,0.000000,0.289855
813,0.936514,0.938965,0.934063,0.000006,0.985507
814,2.053529,2.061704,2.045354,0.000067,2.144928
815,3.010661,3.029304,2.992019,0.000348,3.101449
816,5.342192,5.371988,5.312396,0.000888,5.420290
817,8.293995,8.345500,8.242490,0.002653,8.492754
818,11.442354,11.524502,11.360206,0.006748,12.550725
819,14.840990,14.959384,14.722595,0.014017,16.579710
820,18.302658,18.462097,18.143218,0.025421,20.057971
821,21.787716,21.991420,21.584012,0.041495,24.086957
822,25.118295,25.368456,24.868135,0.062580,27.246377
823,28.436458,28.733620,28.139296,0.088305,30.260870
824,31.541405,31.886033,31.196776,0.118769,33.942029
825,34.585128,34.976426,34.193831,0.153114,37.449275
826,37.462039,37.899320,37.024758,0.191214,39.855072
827,40.200342,40.682355,39.718328,0.232337,43.159420
828,42.649559,43.174851,42.124268,0.275931,45.507246
829,44.684658,45.250817,44.118499,0.320536,47.565217
830,46.114788,46.718144,45.511433,0.364038,49.362319
831,47.042240,47.677343,46.407136,0.403357,50.782609
832,47.432487,48.103089,46.761884,0.449707,51.420290
833,47.313807,48.025488,46.602125,0.506491,50.927536
834,46.631128,47.417480,45.844776,0.618349,50.579710
835,45.482443,46.366413,44.598472,0.781404,48.956522
836,43.896455,44.856264,42.936646,0.921233,46.869565
837,42.029285,43.027087,41.031482,0.995609,44.637681
838,39.982672,40.994931,38.970412,1.024669,42.579710
839,37.828547,38.835367,36.821728,1.013686,40.115942
840,35.620027,36.601098,34.638956,0.962501,37.855072
841,33.392230,34.337514,32.446946,0.893562,35.362319
842,31.122644,32.026359,30.218930,0.816700,32.985507
843,28.871962,29.732286,28.011639,0.740157,30.579710
844,26.573385,27.391161,25.755609,0.668758,28.086957
845,24.371683,25.151056,23.592310,0.607422,25.826087
846,22.277317,23.023832,21.530802,0.557284,23.681159
847,20.292494,21.061141,19.523847,0.590818,21.768116
848,18.547223,19.248803,17.845643,0.492215,19.826087
849,16.886428,17.497915,16.274942,0.373916,17.971014
850,15.277612,15.805407,14.749817,0.278568,16.289855
851,13.708934,14.166134,13.251734,0.209032,14.608696
852,12.347520,12.744720,11.950320,0.157768,13.130435
853,11.071369,11.417541,10.725198,0.119835,11.971014
854,9.895051,10.197550,9.592551,0.091506,10.724638
855,8.830670,9.095590,8.565750,0.070183,10.115942
856,7.830315,8.062768,7.597863,0.054034,9.014493
857,6.912146,7.116334,6.707958,0.041693,8.028986
858,6.091252,6.270705,5.911799,0.032203,7.101449
859,5.409156,5.566916,5.251396,0.024888,6.724638
860,4.639492,4.778331,4.500653,0.019276,5.826087
861,3.999964,4.121819,3.878109,0.014849,5.130435
862,3.323642,3.430396,3.216888,0.011396,4.289855
863,3.370369,3.463421,3.277317,0.008659,4.608696
864,2.945427,3.027833,2.863022,0.006791,4.144928
865,2.447408,2.520271,2.374545,0.005309,3.449275
866,2.033595,2.097579,1.969611,0.004094,3.246377
867,2.298446,2.354325,2.242568,0.003122,3.855072
868,1.909820,1.960155,1.859485,0.002534,2.753623
869,1.731831,1.776666,1.686997,0.002010,2.492754
870,1.439010,1.479039,1.398980,0.001602,2.144928
871,1.195699,1.231116,1.160281,0.001254,1.797101
872,0.993527,1.024646,0.962409,0.000968,1.507246
873,0.825540,0.852728,0.798352,0.000739,1.507246
874,0.685956,0.709601,0.662310,0.000559,1.507246
875,1.207654,1.228141,1.187167,0.000420,1.391304
876,1.003461,1.023312,0.983611,0.000394,1.391304
877,0.833794,0.852342,0.815245,0.000344,1.391304
878,0.692814,0.709763,0.675866,0.000287,0.782609
879,0.575672,0.590925,0.560419,0.000233,0.782609
880,0.478336,0.491913,0.464759,0.000184,0.637681
881,0.397458,0.409443,0.385473,0.000144,0.637681
882,0.330255,0.340765,0.319744,0.000110,0.637681
883,0.274415,0.283584,0.265246,0.000084,0.637681
884,0.228016,0.235981,0.220051,0.000063,0.637681
885,0.189463,0.196356,0.182569,0.000048,0.637681
886,0.157428,0.163376,0.151480,0.000035,-0.000000
887,0.130810,0.135928,0.125691,0.000026,-0.000000
888,0.108692,0.113087,0.104297,0.000019,-0.000000
889,0.090314,0.094080,0.086549,0.000014,-0.000000
890,0.075044,0.078265,0.071823,0.000010,-0.000000
891,0.062355,0.065106,0.059605,0.000008,-0.000000
892,0.051812,0.054158,0.049466,0.000006,-0.000000
893,0.043052,0.045049,0.041054,0.000004,-0.000000
894,0.035772,0.037472,0.034073,0.000003,-0.000000
895,0.029724,0.031168,0.028280,0.000002,-0.000000
896,0.024698,0.025924,0.023472,0.000002,-0.000000
897,0.020522,0.021562,0.019482,0.000001,-0.000000
898,0.017052,0.017934,0.016171,0.000001,-0.000000
899,0.014169,0.014915,0.013422,0.000001,-0.000000
900,0.011773,0.012405,0.011141,0.000000,-0.000000
901,0.009783,0.010317,0.009248,0.000000,-0.000000
902,0.008129,0.008580,0.007677,0.000000,-0.000000
903,0.006754,0.007136,0.006373,0.000000,-0.000000
904,0.005612,0.005934,0.005290,0.000000,-0.000000
905,0.004663,0.004935,0.004391,0.000000,-0.000000
906,0.003875,0.004104,0.003645,0.000000,-0.000000
907,0.003220,0.003413,0.003026,0.000000,-0.000000
908,0.002675,0.002838,0.002512,0.000000,-0.000000
909,0.002223,0.002360,0.002086,0.000000,-0.000000
910,0.001847,0.001963,0.001731,0.000000,-0.000000
911,0.001535,0.001632,0.001437,0.000000,-0.000000
912,0.001275,0.001357,0.001193,0.000000,-0.000000
913,0.001060,0.001129,0.000991,0.000000,-0.000000
914,0.000880,0.000938,0.000822,0.000000,-0.000000
915,0.000732,0.000780,0.000683,0.000000,-0.000000
916,0.000608,0.000649,0.000567,0.000000,-0.000000
917,0.000505,0.000540,0.000471,0.000000,-0.000000
918,0.000420,0.000449,0.000391,0.000000,-0.000000
919,0.000349,0.000373,0.000324,0.000000,-0.000000
920,0.000290,0.000310,0.000269,0.000000,-0.000000
921,0.000241,0.000258,0.000224,0.000000,-0.000000
922,0.000200,0.000214,0.000186,0.000000,-0.000000
923,0.000166,0.000178,0.000154,0.000000,-0.000000
924,0.000138,0.000148,0.000128,0.000000,-0.000000
925,0.000115,0.000123,0.000106,0.000000,-0.000000
926,0.000095,0.000102,0.000088,0.000000,-0.000000
927,0.000079,0.000085,0.000073,0.000000,-0.000000
928,0.000066,0.000071,0.000061,0.000000,-0.000000
929,0.000055,0.000059,0.000051,0.000000,-0.000000
930,0.000045,0.000049,0.000042,0.000000,-0.000000
931,0.000038,0.000041,0.000035,0.000000,-0.000000
932,0.318872,0.318874,0.318869,0.000000,0.318841
933,0.931623,0.934319,0.928927,0.000007,0.956522
934,2.165407,2.173595,2.157218,0.000067,2.202899
935,3.973188,3.992718,3.953658,0.000381,4.231884
936,6.141973,6.179278,6.104668,0.001392,6.405797
937,8.726663,8.787137,8.666189,0.003657,8.956522
938,11.512010,11.601275,11.422746,0.007968,11.739130
939,14.580028,14.702396,14.457660,0.014974,15.739130
940,17.911907,18.071697,17.752118,0.025533,18.898551
941,21.318106,21.519504,21.116709,0.040561,22.927536
942,24.641132,24.887076,24.395188,0.060488,26.985507
943,27.953018,28.244846,27.661190,0.085164,30.550725
944,31.197677,31.536279,30.859075,0.114651,33.913043
945,34.328504,34.714159,33.942850,0.148730,36.637681
946,37.364747,37.797093,36.932402,0.186923,39.623188
947,40.119500,40.597886,39.641114,0.228853,42.000000
948,42.466445,42.988998,41.943892,0.273062,44.289855
949,44.271635,44.835054,43.708217,0.317440,46.000000
950,45.423774,46.023169,44.824379,0.359275,47.391304
951,46.033281,46.662206,45.404356,0.395547,48.492754
952,46.046977,46.698573,45.395382,0.424577,48.492754
953,45.536619,46.203487,44.869751,0.444712,47.826087
954,44.590814,45.265555,43.916073,0.455275,46.637681
955,43.283188,43.958818,42.607558,0.456476,44.985507
956,41.558978,42.229122,40.888834,0.449093,43.043478
957,39.633547,40.291984,38.975110,0.433539,41.275362
958,37.540918,38.182499,36.899337,0.411627,39.217391
959,35.367333,35.987779,34.746887,0.384953,36.869565
960,33.155465,33.751459,32.559471,0.355209,34.405797
961,30.911787,31.480855,30.342719,0.323839,32.000000
962,28.670664,29.210945,28.130383,0.291903,29.594203
963,26.460648,26.970853,25.950444,0.260309,27.420290
964,24.305466,24.784824,23.826108,0.229784,25.275362
965,22.253817,22.702022,21.805613,0.200888,23.188406
966,20.230225,20.647487,19.812963,0.174107,21.159420
967,18.345887,18.732502,17.959273,0.149471,19.246377
968,16.606245,16.962986,16.249503,0.127265,17.449275
969,14.957846,15.285848,14.629844,0.107585,15.797101
970,13.385263,13.685726,13.084800,0.090278,14.086957
971,12.049591,12.323711,11.775470,0.075142,13.101449
972,10.794829,11.044353,10.545305,0.062262,11.768116
973,9.636283,9.862823,9.409743,0.051320,10.579710
974,8.586670,8.791788,8.381552,0.042073,9.420290
975,7.627571,7.812831,7.442311,0.034321,8.376812
976,6.714697,6.881600,6.547793,0.027857,7.362319
977,5.724289,5.874147,5.574431,0.022457,6.492754
978,4.756414,4.890013,4.622815,0.017849,5.478261
979,4.560885,4.678959,4.442811,0.013941,5.536232
980,3.789721,3.895140,3.684302,0.011113,4.637681
981,3.757643,3.850917,3.664368,0.008700,4.898551
982,3.267220,3.350985,3.183455,0.007017,4.260870
983,2.772762,2.847648,2.697877,0.005608,3.681159
984,2.303938,2.370434,2.237442,0.004422,3.072464
985,1.914383,1.972971,1.855795,0.003433,2.695652
986,2.199391,2.250695,2.148087,0.002632,2.898551
987,1.885484,1.931994,1.838974,0.002163,2.608696
988,1.566683,1.608489,1.524876,0.001748,2.231884
989,1.330770,1.367949,1.293591,0.001382,2.115942
990,1.105761,1.138639,1.072882,0.001081,2.115942
991,0.918796,0.947672,0.889920,0.000834,1.507246
992,0.763444,0.788665,0.738223,0.000636,1.507246
993,0.634359,0.656288,0.612431,0.000481,1.507246
994,0.527101,0.546095,0.508106,0.000361,0.753623
995,1.075658,1.092059,1.059258,0.000269,1.333333
996,0.893784,0.910168,0.877400,0.000268,1.333333
997,0.742661,0.758232,0.727090,0.000242,1.333333
998,0.617090,0.631472,0.602709,0.000207,0.666667
999,0.512751,0.525791,0.499712,0.000170,0.637681
1000,0.426054,0.437725,0.414384,0.000136,0.637681
1001,0.354016,0.364361,0.343671,0.000107,0.637681
